RESULTS
##############

Frequency of residues in the positions determined

L87 = 	ILE 0.00519930675909879	TYR 0.772963604852686	HIS 0.00866551126516464	PHE 0.21317157712305
H45 = 	PRO 0.0207972270363951	PHE 0.0155979202772964	LEU 0.963604852686308
L38 = 	LEU 0.00346620450606586	HIS 0.0121317157712305	MET 0.00173310225303293	GLU 0.0467937608318891	GLN 0.920277296360485	LYS 0.00693240901213172	TYR 0.00173310225303293	ARG 0.00346620450606586	VAL 0.00173310225303293	ASP 0.00173310225303293
H105 = 	SER 0.00346620450606586	ARG 0.0277296360485269	ALA 0.0467937608318891	PRO 0.0190641247833622	THR 0.0121317157712305	LYS 0.0381282495667244	GLN 0.838821490467938	GLU 0.00173310225303293	HIS 0.00866551126516464	LEU 0.00346620450606586
L41 = 	ASP 0.103986135181976	SER 0.00173310225303293	TRP 0.00173310225303293	GLU 0.0103986135181976	HIS 0.0190641247833622	LEU 0.00346620450606586	GLY 0.850953206239168	ASN 0.00866551126516464
H60 = 	GLY 0.0138648180242634	LYS 0.00693240901213172	ASN 0.409012131715771	LEU 0.0103986135181976	HIS 0.00693240901213172	GLU 0.00173310225303293	MET 0.00173310225303293	SER 0.097053726169844	ASP 0.0311958405545927	VAL 0.0155979202772964	THR 0.0225303292894281	PRO 0.0623916811091854	ALA 0.315424610051993	ARG 0.00519930675909879

Total amino acids:
ALA = 0.060
ARG = 0.006
ASN = 0.070
ASP = 0.023
GLN = 0.293
GLU = 0.010
GLY = 0.144
HIS = 0.009
ILE = 0.001
LEU = 0.164
LYS = 0.009
MET = 0.001
PHE = 0.038
PRO = 0.017
SER = 0.017
THR = 0.006
TRP = 0.000
TYR = 0.129
VAL = 0.003
